0.000453730305985289
0.0015237712176305613
0.005669621323969851
0.005613532702659958
0.009774514937233875
0.009914332114570802
0.010340153441491076
0.01047201361726269
0.010425837580419964
0.01331632819572813
0.020318779686734952
0.029701960966381547
0.03635981255247008
0.03657257080164127
0.03942777279133867
0.039037439818477994
0.039224267032014065
0.039055433187288185
0.03900869754663627
0.04223909343460744
0.04182179886499042
0.04345405661172629
0.04408684455505971
0.051713618625943446
0.05190588973193264
0.05173600215711515
0.05145031537326709
0.051437405268102795
0.05263503191230915
0.05322383851355426
0.05270850303850985
0.06000476558310086
0.05952507291160018
0.06175283765545821
0.06481184285276985
0.0646463680499767
0.06556791791368727
0.06986715135290417
0.06958846922528755
0.06946457469105351
0.07158362876284481
0.07345360258288207
0.07338934854602744
0.07371741069928697
0.07708464009657197
0.07645871308791016
0.0763976755588753
0.07738187086698053
0.07698637245619372
0.08118863909749395
0.08051250092222574
0.08048365435941321
0.08114289051049242
0.08353289458636093
0.08308937517352835
0.08491037069342579
0.08493917509644384
0.08505928414214133
0.08484153741206354
0.08437243538179781
0.08403266708503147
0.08507889583795726
0.08719208680274765
0.08946563613700236
0.0887431290386205
0.08984692578195219
0.08906201774554855
0.08990053065592225
0.09255761537015461
0.09183268581371622
0.09362077413819807
0.09415066797266092
0.09368963810344794
0.09791220002707661
0.09695869905162578
0.09728403671508536
0.09719888540942691
0.09712343826665315
0.09766841069230277
0.09711289946194603
0.10025759798031227
0.10262734575112809
0.10332263659340261
0.10550852117143358
0.10661330112800824
0.10647223048370566
0.10650741624868516
0.10595531879412964
0.10679947096246688
0.1060140424549299
0.10607635534138694
0.1058680663779483
0.10581716371200557
0.10570160501052123
0.10557351468519413
0.1048746111090161
0.1047243751987607
0.10650088246194929
0.10780545591975069
0.10887500411094711
0.10960729726178073
0.10947648730574408
0.10852244519184305
0.1074672232705546
0.11238994328619821
0.11136655721118303
0.11069205157894976
0.11099292337966989
0.11004963343870784
0.10955078475440613
0.10863359311445298
0.10761073018707443
0.11227350506462144
0.11243424796239983
0.11195423370417497
0.11200928263740917
0.112000124170568
0.11426043050264997
0.11605481321915133
0.11505468261517068
0.11480670099929123
0.11367316812312125
0.11257403010718706
0.11147502281790311
0.11347602580271574
0.11418312215808984
0.11362093753603938
0.11265123562392526
0.11159125268671824
0.11206084719535485
0.11157033865169232
0.11116863057928338
0.11158840579821906
0.11534976182171454
0.11538835505101665
0.11718960324776853
0.11721268192195225
0.11707247266555414
0.11608880443202597
0.11512083468895684
0.11408042552968589
0.11295092828072886
0.11186576697457447
0.11738563153391417
0.11624427713563941
0.11517321509028548
0.11913043384905966
0.11840467926818575
0.11825722781715103
0.11795094998117574
0.11766107662003508
0.11684489752080134
0.11653955062147298
0.11794331529802048
0.11777846009507534
0.11689501626544693
0.11797271398547396
0.11802362416986524
0.11733678676745606
0.1200088982666647
0.12198621898565987
0.12274940077723638
0.12357489251099187
0.12329072153490288
0.12207137313489001
0.12086855049779473
0.12292044944412912
0.12433650528162339
0.12528737009760665
0.12619856704892568
0.1272942402838096
0.1277170345779833
0.12940623878575877
0.129114462514439
0.12934553736372573
0.12926611688171577
0.1285117242837694
0.12744936200834658
0.1313340077300056
0.13029066552069532
0.13047085713896162
0.1295272688178469
0.12885831572941747
0.13132973172400136
0.1311240453065396
0.13080032159345129
0.13045127224371583
0.13012336511693925
0.13170980310399633
0.13166123161135967
0.13074824781208472
0.13123455705289533
0.13008077421778838
0.12938071814448104
0.13148591422311412
0.1302351436075932
0.13003885404139223
0.13113638920655024
0.13083955220328042
0.1313197008567229
0.13130066627757947
0.13113242050585128
0.12989992087496405
0.1289196690393265
0.13140930309239213
0.13071107430558235
0.12954835269713066
0.1283126412559617
0.12989579052652495
0.13051207352119845
0.13109172806979616
0.13139982092561295
0.1324663836892451
0.13255016935629843
0.1321251521716868
0.13414124771169306
0.133164992942253
0.1330501044600744
0.13271830075030946
0.1323852398505444
0.1332435324005536
0.13333868388966225
0.13246753083150098
0.13232101974228236
0.13233148344848647
0.13213925795802559
0.13127642227257244
0.1324321614331107
0.1323158172292637
0.1317653619373368
0.13079644537085208
0.12965178742235514
0.13030061418717337
0.1305523117624064
0.12990327721520098
0.1306897169614913
0.12993240702465955
0.12960811989631352
0.13116857959786157
0.13180713811858236
0.1311610319089919
0.1308455990895781
0.13024935277145577
0.13211254935281327
0.13132534321193573
0.13235556543555685
0.13279966422784897
0.13320062005903427
0.13354715697491945
0.13309194664579366
0.13383475575247522
0.1329174108002352
0.13224220911925116
0.13096829170794833
0.13272543700627998
0.1334556535221146
0.13356931786021345
0.1333817984751919
0.13447408214071194
0.13354527723326992
0.13386513294400296
0.13321484405654974
0.13281152249638808
0.13231261873561456
0.13142102195283611
0.13054673304672937
0.12949422306737907
0.1326499448741679
0.1348145469349011
0.13408677034491803
0.1344993690281239
0.13397940269608122
0.13305250866372417
0.13190592756956201
0.13306586665395587
0.13347495116565733
0.1330137309153314
0.13378411960280195
0.13400406199325499
0.13338540742498947
0.13237581705181697
0.13122298969482246
0.1329515089471439
0.1318034990329841
0.13088028647974928
0.12973353416406783
0.13107042383351988
0.1315388183335749
0.13095620298557029
0.1304148676325446
0.1314997202113647
0.13125520479484087
0.13075524659834292
0.13116094632810837
0.13185343589541831
0.1311213602048049
0.13145166552798218
0.13050370270550862
0.13030280529421334
0.13137616723741044
0.13105454943480238
0.1312411717186075
0.13090037082651382
0.12997070723006104
0.13044202784512116
0.13139773983141897
0.13096381639838592
0.1304908772775711
0.1296420934049277
0.1306117987224838
0.1305847035627581
0.1310000776737159
0.13043770428371285
0.13042779915549232
0.12983353845035875
0.13124581786840608
0.13164582813387127
0.13185278974516132
0.13145711046114786
0.13098760544074584
0.13047275946727874
0.13052427800906583
0.13074536924184418
0.13035029708744655
0.13060119764534237
0.13108280528331
0.13116344146686476
0.13099411174178263
0.13059750937229142
0.1297860617659692
0.1299477036742828
0.1290189065910642
0.12862809440082967
0.12791382162191475
0.12672268560522754
0.12549430865658076
0.12794234164544827
0.1268041882157515
0.12707225934116423
0.12618148155798553
0.12538546108495324
0.12441297793275487
0.12475510233955495
0.12424442725988126
0.12542561329507187
0.12517006743300985
0.12469729210694226
0.12365272205581015
0.12275768525504599
0.12157418521402456
0.12053273451416141
0.1194515528763341
0.11833594011325975
0.12201924768986676
0.1245140815960296
0.12539664241851917
0.1254832154552674
0.12520206544203713
0.12606214993693124
0.12603909599147914
0.12546082661151015
0.12503052718518723
0.12429586352091088
0.12341473435791887
0.12535099499683566
0.12619038681559563
0.12528309595919057
0.1256030582019542
0.12541834501572857
0.1248851797554361
0.12587114537921273
0.1261572477446349
0.12587855224445196
0.1252558469017003
0.124182551419106
0.1233638939814301
0.1221557157466193
0.12094780386812672
0.12005022714675928
0.12217212225293955
0.12313864518869544
0.12296873912745825
0.12226908679310776
0.12143534552737299
0.12295109757807747
0.12195693787430491
0.12253664525482569
0.12255755056889522
0.12229400250918304
0.12214435032549789
0.12159830015979263
0.12084399412323248
0.12206643543085774
0.12240499755703362
0.12235332024440275
0.12238780543127586
0.12195711642534
0.1216086680866509
0.12245601666925648
0.12238455392311078
0.12174989892766498
0.12084648654981835
0.12168007282320041
0.12188894464835912
0.12131185567188911
0.12107865807751315
0.12102612791888442
0.12057317564320943
0.11960227490443058
0.11881234130563097
0.11990868610554352
0.12064977474305925
0.11992808994814345
0.11925662702708595
0.11839680833865596
0.11863480059583864
0.11862817804135177
0.11849685422898708
0.11797531632573069
0.11741098663280797
0.11645927838582255
0.1154270030826784
0.11746736422623455
0.11685631127434966
0.11592067037957007
0.11625198843425313
0.11630151473407231
0.11574598149755645
0.114987627980109
0.1142222869775568
0.11483613326197993
0.11486925752324784
0.11611887053421184
0.11656931534053204
0.1163574566381874
0.1156733790658178
0.11533720809179837
0.1145777277504092
0.11598631916205476
0.11550806656625698
0.11663151692370943
0.11667713012051366
0.1161165006801175
0.1153158173655352
0.11506976913537104
0.11467288595907899
0.11382396336094805
0.11394253533081995
0.11519050706844032
0.11539894262716777
0.11508959781030623
0.11428536652656902
0.11351886038264898
0.11454629186632974
0.11490576563256001
0.11587484102632939
0.11473995739005453
0.11362685454919037
0.11373663727586111
0.11267284335038268
0.11367901877222489
0.11257826853385526
0.11296203321574594
0.11402376559300707
0.11430399801607828
0.11510310324491493
0.11396347934457945
0.11287598238424039
0.11178464255954774
0.11199857123910614
0.11186635874617078
0.11098904022677857
0.11015117236388276
0.10992286342347345
0.10962101377315585
0.11136706615572023
0.11095675717460944
0.11006257704516814
0.10954953634744315
0.10866165121577195
0.10812742982137472
0.10980021986666562
0.10944563150479678
0.10912804786416033
0.11095050023316819
0.11012544678806489
0.11102932147762685
0.10993091596499527
0.10885399129211097
0.10915444286039486
0.11017573983597592
0.1102456284267166
0.10917719856584714
0.10816912481418282
0.10798538016391779
0.10760433702996282
0.10673484217705413
0.10788670247781415
0.10686446219799105
0.10741028567235046
0.1078938659409549
0.10790796367707507
0.10689099438448534
0.10771334306397636
0.10765435518358304
0.10780630848102056
0.10715051679292072
0.10855503651446363
0.10794536743152836
0.10896089492538871
0.10852896744678742
0.10797202161182061
0.1072053797948922
0.1080042235604461
0.10699900302326777
0.10759703509108538
0.10717200254594583
0.10631190898124583
0.10568536867516758
0.10677228915173494
0.10634452078010675
0.10580230230274294
0.10567326806623578
0.10724839664611162
0.10659749494988786
0.10676257666912353
0.10657507251545613
0.10569623513790734
0.107382263954799
0.10725473447695953
0.10681071932632705
0.10582657749038733
0.10776656099689694
0.10738988730424244
0.10728760841687078
0.10859630401578746
0.10772601459760162
0.10792020727428195
0.1077256078328128
0.1069246466606413
0.10619130057477745
0.10583360621070559
0.10495693491042882
0.10402000142299883
0.10608735485766546
0.10552206504404907
0.10487823449596184
0.10394114444820278
0.10301641566312889
0.10202367674290398
0.10213686270809075
0.10189986843421957
0.10103088266026812
0.10065116297454527
0.10013264813724176
0.09945270533816514
0.10157398646740333
0.10108052339946988
0.10050812348146872
0.09977422344219655
0.09922674951704175
0.09860559005495298
0.09794049279319686
0.09726004381758804
0.09689008839794157
0.09633138398200194
0.09924128952375341
0.09881165281132517
0.0979665475894473
0.10023905194810233
0.10163947845949044
0.10246291373056093
0.10284402034525081
0.1028914745074597
0.10270417325505705
0.10286704081070469
0.10457303016909415
0.103871653015563
0.10287841107976772
0.10317221678136912
0.10412249000982007
0.10406485590255456
0.10480433373646511
0.10528480251417177
0.10486169601706855
0.10456826342341077
0.10396463569177086
0.10325287763315025
0.10249830026691553
0.1022342094251087
0.10373276597133414
0.10440502612629847
0.10431848186367552
0.10330116476062766
0.10232594447096013
0.10289971608953823
0.10188377368969397
0.10207026514626077
0.10273226307440458
0.10341503833564297
0.10338427631513655
0.10445460655729415
0.10411887651605552
0.10489206224704085
0.1052410537744275
0.10471589376331825
0.10572680115986022
0.10525304236437856
0.10466543393536853
0.1056240653765637
0.10483135083431497
0.10451751679527857
0.10407297022989988
0.10341511264302984
0.10273799576854147
0.1035356002740533
0.10369667240733604
0.10385275171625942
0.10413520443688848
0.1042306203641672
0.10445856357610062
0.10447718049108452
0.10491106613511522
0.10423705380996608
0.10403494848273623
0.10360501146003326
0.10269094952180918
0.10381489198022965
0.1042323003737841
0.10412281337437258
0.10534652860037351
0.10564517979386415
0.10655087646128167
0.10662608130214575
0.10743078543791813
0.106615031765742
0.10562908703658519
0.10615093410288784
0.10670610240827341
0.10721850523363755
0.10710009469897132
0.10632398845659852
0.10555780183637187
0.10550696958231899
0.10518524357642163
0.10436187561862946
0.10390990127587867
0.10304776198439074
0.102197539064831
0.10156465219407022
0.10057218228155222
0.10200940680253538
0.10167415728673627
0.10067198627399156
0.10046372382268297
0.09974737120820378
0.10156669480930847
0.10132577610104315
0.10279465580226003
0.10350195702116412
0.10247958486571043
0.10282607175880248
0.10269523196318767
0.10228882729637774
0.10147969348506033
0.10085166294521204
0.10013461968139098
0.09978479543802034
0.09914259915184909
0.09825849612739539
0.09771934374849785
0.09682776027908668
0.09595768460589091
0.09549322701332988
0.09758514069002276
0.0971032625858861
0.09656573319654334
0.0960274024117768
0.09520198011480571
0.09432708408428644
0.09356987858306673
0.09266098447252928
0.09175083491900972
0.09093700988794212
0.09010612120452353
0.08926064338112687
0.08838139379850661
0.08753609736998222
0.08667737649580225
0.09042472488599175
0.09002363899210192
0.08926004948674379
0.08888343793647292
0.08832498754636309
0.09072951927229567
0.09019857898385804
0.08930554726816019
0.08888450203602993
0.08819912290609076
0.0906403044876031
0.09216954504056911
0.09195037014635052
0.0910618723260344
0.09060226058545996
0.09215973552071748
0.09214343995423867
0.0918279069929763
0.09100416165771806
0.09020891822888123
0.0893352718630291
0.08845093945478436
0.08803873356865051
0.08749422609292629
0.08702353303763065
0.08626030114013881
0.08871572546280299
0.08803496400071577
0.08737675304838045
0.086615446238242
0.0858491472298628
0.08501040879586888
0.08416995687044057
0.08370369574979816
0.08287510905342794
0.08478769198931597
0.0858681875414822
0.08597179472154717
0.08583563951306442
0.08571799060743716
0.08488854053854904
0.08410185018306138
0.08383464363349533
0.08343400185211283
0.08571925332157145
0.08544997123896754
0.08480128599573618
0.08429205137905212
0.08664166297027324
0.08591792786188883
0.08538486686991123
0.08691937147158904
0.08769319824391958
0.08797231862303553
0.08744447238717021
0.08765266208663688
0.08838759545784365
0.0887274315737386
0.08795326202904812
0.08794338392052843
0.08757572622525803
0.08706879760957942
0.08672524623355017
0.08628222650342997
0.08562701243195488
0.08800659814252386
0.08786282833170792
0.08705697925653041
0.08790906283801568
0.0878021791667691
0.08693609750311711
0.08743351051759378
0.08657647232294957
0.0864675415579514
0.08561894252462808
0.08605729094036316
0.08679004639408075
0.08723925154581728
0.08658987212866404
0.08653569132179183
0.08571826475862952
0.0862366859390043
0.08626880189808558
0.08584437506368249
0.08684543508675524
0.08702466576345605
0.08722984564096689
0.08782195345612649
0.08731512351364408
0.08814954314470119
0.0876458358316289
0.08777629524919318
0.08705528583899207
0.08624761293963451
0.08542199538904967
0.08493183007308755
0.0840916940044867
0.08326069281327468
0.0853035264824173
0.08499364280480214
0.08603121904315622
0.08645578299406143
0.08575325772260536
0.08664215077561581
0.08582593414485733
0.08609271238758208
0.08542124425846044
0.08488903554188643
0.08554666928506567
0.08582630837366667
0.08637790588494906
0.08607234934991434
0.08530123870322355
0.08489749250227366
0.08489073188329865
0.08420369288709538
0.08384172107097544
0.08333353651602854
0.08325878571213345
0.08243916539198629
0.083589272356832
0.08276263335684893
0.08197441087775376
0.08224806674136236
0.08209555578489358
0.08142720199213306
0.08089320580836003
0.08028201304516588
0.0800086892139103
0.07946291152437905
0.08127107646897738
0.0804832676728206
0.07970243435303924
0.07941222492034222
0.07862599379645666
0.07807803169254686
0.07746780393219704
0.07917354114418863
0.07865506191345259
0.07855424157439769
0.07782966146040686
0.07717426765544136
0.07870661521590983
0.0786636881991705
0.07819450450162285
0.07748707820074709
0.07886756257454501
0.0780872377754871
0.07735277688983012
0.0778388790734707
0.07710065172738713
0.07774922300549089
0.07752054693285254
0.07844484643660128
0.07856455507047383
0.07815585724862661
0.07781194997857381
0.07710141658712939
0.07886437915908585
0.07841929829890804
0.07806628863600966
0.07729705806734005
0.07689108783838879
0.07616615289665712
0.07546618918918435
0.07623718449918472
0.0755034110939008
0.0748441566449436
0.07508922610493063
0.07588834217117219
0.0762397674454813
0.07618871005664136
0.07674207029449576
0.07689341243968574
0.07700926594880143
0.0764012828417317
0.07604789571911254
0.0756906454671284
0.0750589143781551
0.07436224061249036
0.07364816536658302
0.07293039076591856
0.07484465811370147
0.07575936557347235
0.0750186542345748
0.07492183959636205
0.0754757134802122
0.0754444496814531
0.07643543264857924
0.07673434386492947
0.07609579583348003
0.07690156541781902
0.07697720241229515
0.07735863601404505
0.07728898461177555
0.07747497901885414
0.07743652836879104
0.07713398953496559
0.07641339955844892
0.07697423243455696
0.07767023191903824
0.07714181191711506
0.07792017464872925
0.07750883981028994
0.07799360068989375
0.07763287482141537
0.0770022885372032
0.07629414224352256
0.07556281259061616
0.07482616610176589
0.07611801498853009
0.07573246989241683
0.07541608967308326
0.07575287837277402
0.07508893599168234
0.07587947146217626
0.07618092057168994
0.07579724754694925
0.07654536878186236
0.07589287861123377
0.07585497524685347
0.07515876494063245
0.07451951901578231
0.07423221610098142
0.07536046065111268
0.0757268524210336
0.07515719649878114
0.07609501683797273
0.0757494816761576
0.07563112524660531
0.07489671564530047
0.0759367582085225
0.07585907103707068
0.07623753033014086
0.07627499038455163
0.07586197583721765
0.07645939475352997
0.07652566948723677
0.0758259999045234
0.07674103959753933
0.07700197741316481
0.07665412787070165
0.07596659585755734
0.07603187602668032
0.07577495360234558
0.07550203768208574
0.07517516342709088
0.0744486155965158
0.07384439072771051
0.07323004485597297
0.07256183026020521
0.07425455565493014
0.07359140009516826
0.07332597127530793
0.07315780305295093
0.07259744697595995
0.07196712820646146
0.07339804186065989
0.07381175601012073
0.07416943198367172
0.07456723600766983
0.07383318286508786
0.07314636282500474
0.07386377084725188
0.0738865896899743
0.07467000926423388
0.07409001776182035
0.07397445421539454
0.0735337008008305
0.07311695099082048
0.072624509880259
0.07223803945260779
0.07153516322353443
0.07107204083768873
0.0705061059617467
0.07195710722212557
0.07147759170028074
0.0719549265661687
0.07195890474528381
0.07257969348996733
0.07247603676720485
0.07273141329559672
0.07203951346303893
0.0722189555634513
0.07151511781728846
0.07173918679165879
0.07162129867322499
0.07112010419166498
0.0706027668833878
0.06991966513990817
0.06972291729721376
0.0692913286540742
0.06996021639093149
0.06999468226213428
0.07023740743452819
0.07084359400898257
0.07103873101750949
0.07132580831299108
0.07115424761592316
0.07081555551991178
0.07142222974040238
0.0715915030376298
0.07116050735166339
0.07051803651643444
0.06987820308977014
0.06926103928677318
0.06861405009758231
0.06953441448340783
0.06900198600533793
0.06860806315287915
0.0679391770294199
0.06827782064258266
0.06863288445274449
0.06796007389631967
0.06741571544099172
0.06782475935466462
0.06738327460382396
0.06723898366412633
0.06704483682185337
0.06752241391225289
0.06692546163457055
0.06742411635666323
0.0670322910813798
0.06675544738992117
0.06626283431898579
0.06565998816631424
0.06502672277881785
0.06559598682379
0.06565472651768557
0.06516708796059263
0.06551840333203239
0.06539626368185679
0.06475922022169461
0.06418862750274969
0.0635925676288226
0.06402952502504136
0.0639082630773991
0.063734197186101
0.06339677784711366
0.06284554199951002
0.06222760065255424
0.06161216762668039
0.06325507942006911
0.06267149376632448
0.0621537725941265
0.062175482132960924
0.06245587210654491
0.06243940284460991
0.06304086953697688
0.06267444793600611
0.0627919495018277
0.062337400262142
0.06252825049821013
0.06201904914118768
0.06163229119505495
0.06145361327818431
0.061536502588765626
0.06110512607850935
0.06117061898545831
0.06090079412213245
0.06145334700465616
0.06113232474031138
0.06074302822372933
0.060765155143837346
0.06052237885756409
0.06066650280739433
0.060267378826094634
0.06066058026425777
0.06073270015812334
0.06028315307008658
0.06043456146754885
0.0599418307475306
0.05957610728894871
0.05936350269915778
0.05950700717679605
0.05907693620568769
0.05915076569568939
0.05904261066239875
0.05896663596467704
0.058908998964474046
0.05832937564048954
0.058027946017273416
0.057610411450771386
0.05708264940976441
0.05806928395217434
0.05817464897376401
0.058199802853229156
0.0576766378025446
0.05712388920221682
0.056558708530735954
0.05665776226209388
0.05646286989903905
0.05632167326460678
0.05658351582558984
0.056049214214333204
0.05573806208537626
0.05528247752749662
0.055239241029717986
0.05569203699018954
0.05544914138455481
0.0560479994233412
0.05563572137941051
0.05523430103128473
0.05502084431635028
0.0552784309188212
0.05473151565374678
0.05453320057656385
0.054559961332042335
0.05451494903509325
0.0541151113670531
0.05429797124051109
0.054082262121746924
0.05366951542140194
0.053233645779331214
0.05272345894764441
0.053160062113258834
0.05345363751724613
0.052999282179554165
0.053263241071681754
0.05295150979646996
0.05345830318266299
0.053572218370399285
0.05313065367533645
0.0528400864902565
0.05232254713414523
0.05185177568114663
0.051351999236432536
0.0516364840105544
0.05112923827370565
0.051146053746687264
0.05109991105979029
0.05070094830725442
0.05119994752623037
0.05111381904252272
0.05120399699802015
0.050723282972127345
0.05071917343695026
0.050440477070452246
0.050118239402582865
0.049691738009662124
0.04921081977407677
0.04872388807151174
0.049305852369001736
0.04888439952453743
0.048557664141715355
0.04807695481416725
0.04824481661738478
0.04784018781982857
0.04739806511665631
0.046992533161516324
0.047182882698186095
0.046787074590685325
0.0463341749813688
0.0459466328918785
0.046006708487742486
0.0459118966824443
0.04552458622465554
0.045077332997742234
0.04527337950277566
0.04491913814165309
0.04504310496857137
0.044899538188247254
0.04481508387496521
0.044578479690349886
0.04414137448851874
0.04440421071635928
0.04433350175905914
0.04410196680962616
0.0437014609409254
0.04329294049083065
0.04286479279030975
0.04317150283401454
0.04276608137843598
0.04237462428683172
0.041970152910049324
0.0415704529849504
0.041867508537805104
0.04148664283588467
0.04126598412045927
0.04093635865187602
0.040544294640674716
0.0401439594488447
0.04015490211052275
0.03989806549852048
0.0397721781307227
0.0395369759253659
0.039177208996704266
0.03886374900205154
0.03851348653311019
0.03819111778559389
0.037848742833017826
0.03749216051619655
0.037147636507916804
0.036793557411812554
0.036433194151422016
0.03608172037424026
0.03572449784364849
0.03539371385682223
0.035709681004554183
0.035514241544384074
0.03532538243547564
0.03572313794469522
0.03537010346432716
0.035058079554507245
0.03473766675344416
0.0344668827678707
0.034273686108286724
0.03397280875501564
0.0336557943706912
0.033327657171724485
0.03343258648498043
0.033169246464725154
0.03322466382868967
0.032968506469595434
0.03268845449580652
0.03236568730698506
0.032046885004235616
0.03173039954489086
0.031480908978542756
0.031169227092256915
0.03086314830495755
0.0305585287315565
0.03029056857461942
0.02999436400325857
0.030257928419666447
0.030031521741817162
0.02997156612224203
0.029783133759228725
0.029709488175020192
0.02952758645174395
0.029237384876210352
0.029238570692706356
0.029016223020656495
0.02876931212886755
0.029154073230651972
0.029105784521255156
0.028820109904955177
0.028542658610340218
0.02867130959239399
0.028421528362454967
0.028302836867556358
0.028090733334615245
0.027857852365625282
0.02758206164675163
0.02755622443871607
0.02728716791775929
0.02715401791350799
0.02700601090598828
0.026754666214771596
0.02654009660107789
0.026390012272133407
0.026244392042052034
0.026104757456747195
0.025847634310293504
0.02559943031908927
0.02534988947442583
0.025099914545282685
0.02521452815011177
0.025045433348730165
0.02480502368593987
0.024941241773122447
0.024699141880208116
0.024475421953020323
0.024246695940269677
0.024006661829444054
0.02413050846398771
0.023973446827021416
0.02378599829195042
0.02358194680115709
0.02335460257798807
0.02313278405593782
0.022904654312655315
0.02267790995154661
0.022453453388895872
0.02223114278629123
0.022011063119267
0.021793145739418894
0.02157737495190454
0.021367192514158428
0.021390271092056892
0.021229410980766427
0.021049488459075904
0.02092020315138803
0.02072337060262386
0.020604076515086445
0.020400307281736297
0.020528278266830076
0.020495368972381023
0.020462838148599914
0.020353395257957135
0.020302280730308223
0.020415284359025548
0.020254806958925745
0.020195767962005038
0.020043158080151502
0.019865115053482353
0.019690503842490437
0.01950150935072842
0.019567212594031894
0.019388773290369508
0.019220600956498635
0.019085613838446373
0.01891778974053823
0.018733759765737986
0.018548445208388168
0.018364799653665255
0.0182650952238258
0.018087573193995003
0.018055422998881274
0.01788001645588598
0.017895278532767653
0.017723325240494876
0.017621505040733437
0.01745414196160113
0.0172835115479769
0.017112570601001225
0.017098969474439545
0.016938898404838566
0.016792703117352113
0.01673510552277995
0.01666394082773467
0.016549699722852567
0.016394657668729034
0.0162990858713071
0.016164430505886753
0.016040191420000488
0.015904499279124205
0.015752827730139776
0.01580978897995202
0.01566786173460905
0.015514120852347829
0.015530931043825576
0.015390002769515299
0.015299712981413137
0.015149273622214495
0.015000585938290447
0.014853884149633116
0.01474169329355076
0.0146591254484968
0.014562839538314052
0.014427725012946766
0.01428557867216052
0.014242574928245304
0.014119070975205017
0.0140210341021603
0.013883549574725968
0.01377884478385258
0.013683190433475625
0.01358693144448703
0.013452837439918966
0.013336520956998544
0.01320762308202004
0.013199753039038415
0.013158854669389802
0.013062870735392073
0.012950261488649629
0.012832219905147636
0.012741658596477131
0.012616409885474657
0.01251164902420399
0.012432470348137407
0.012344622312578117
0.01228089145134921
0.012163349212357016
0.012051281284115941
0.011945329914862267
0.011900919428310992
0.011788242913592237
0.011753246192378117
0.011640834364881949
0.011577436299277233
0.011463072640435033
0.01136408697088886
0.011259307669607602
0.011153196212785212
0.011125274389251264
0.011029494720015453
0.010970895602345173
0.010865800266771008
0.010764498613706396
0.010675470847282454
0.010571919876250046
0.010558348307563244
0.010453926366510692
0.010411752745700088
0.010345389905926736
0.010249829434214326
0.010148662962629592
0.01004990791669851
0.009966743554248142
0.009955142820898346
0.00990150572904874
0.009803522959842699
0.009768064900493766
0.009676313091599172
0.00959215873709777
0.00950064452207529
0.00940703205662148
0.00931390747765958
0.009292899754463374
0.009209355599769056
0.009120121831732516
0.009110359348630009
0.00905849027365523
0.00897199341085645
0.008920411425033218
0.00883218935420636
0.008826222100850791
0.008740250445456808
0.008670911026765746
0.008592612040258286
0.008548198163666943
0.008474256534601866
0.008391349062297958
0.008318434236176156
0.008303379676911055
0.00825435245257684
0.008195624683516964
0.008119979941299968
0.008046266338315563
0.00798944082188095
0.007928215261720384
0.007869808175406185
0.0077970573916592446
0.007720166090176747
0.007699438322735152
0.0076251512518221015
0.007560520326082956
0.0074880026431345765
0.007452768106674253
0.007379982466254432
0.007310950345301146
0.0072385912141704895
0.007167574872470341
0.0071340024297979416
0.007092464069089745
0.007035892751905062
0.0069711032545990564
0.006904478581872934
0.006842946670818108
0.006775227080268706
0.006753892838849883
0.006688079204127882
0.006622911054345049
0.006578311634848499
0.006528266183619901
0.0064683578407976824
0.0064046872264197
0.00638120242113096
0.006326046012246738
0.006263446070673493
0.006222585243091666
0.00616200497098333
0.00611041640268911
0.006059411554928667
0.006003508160994811
0.0059444626423836855
0.005887073489299901
0.005858327224254274
0.005802292240838107
0.005752854532664665
0.005699292094006068
0.005644933133224746
0.005589117090986253
0.005534401251889037
0.005480156760233776
0.005445021960101586
0.005391482902441538
0.005352390429965697
0.00530487713644146
0.005256955638774358
0.0052056235405779855
0.005170606209338529
0.005122813805499281
0.005075221791988497
0.005027608105985135
0.004979950263119562
0.004933579276665937
0.004886820012307471
0.004860671765961152
0.004812715079633523
0.004765067343695901
0.004729136991451038
0.0046889431806965915
0.004651079734295889
0.004608804490122488
0.00456318598434463
0.0045184474348039525
0.004477831537942443
0.004460398857537938
0.00442713417970807
0.004383680696609195
0.004351435723665301
0.004326651663407702
0.004293539927553602
0.004258911210465855
0.004218623559276117
0.004183889865006031
0.004149770538198535
0.0041163932253836435
0.00408031414197005
0.004042827390406338
0.004004914934216338
0.003977082391143598
0.003940694523290101
0.003944168755384496
0.0039312578128496345
0.0038938196479568286
0.0038578719528969555
0.0038203365907740375
0.0038063368960621125
0.0037730363291551407
0.0037383853161147298
0.003726430082676926
0.003708474830253278
0.003672903433623477
0.0036366034028399146
0.0036007987181137712
0.0035652362775251602
0.003529955582447087
0.003500770392093684
0.0034677256597358337
0.0034344886338371215
0.0034026882051883672
0.003377038550640287
0.00334546735941238
0.0033130832974771715
0.003281328933357592
0.0032675196403461697
0.0032369968428456308
0.0032061781264708118
0.003175202503175338
0.003144376485367559
0.0031315203710629114
0.0031012308799442468
0.003072606160216513
0.0030422113733503523
0.003028973671291331
0.0029991429100525717
0.002970722123196802
0.0029414648635743322
0.0029123748053693052
0.002883541372762521
0.0028701321248357377
0.0028417958618136836
0.0028148775670762786
0.0027871690019542414
0.002773287196043869
0.0027460005145953635
0.0027197317251028597
0.0026993512040918138
0.0026788671609406954
0.0026581272559742944
0.0026350032181700995
0.0026093858186255633
0.0025894830394965914
0.002563972650990253
0.002540534798943399
0.0025154546012482893
0.0025030551691482953
0.0024783135417353213
0.0024541285002256143
0.0024333626578573976
0.0024118962554964957
0.0023881973885159606
0.0023646075218123276
0.0023416734573949915
0.0023279588460717038
0.002309321458232315
0.0022899981295162485
0.002269325409204916
0.002256036476362729
0.0022400984980328956
0.002221200714622008
0.0022010055566226094
0.0021875559902064866
0.0021661392946952505
0.0021447214913722697
0.002124018598683143
0.0021076215005736087
0.0020908410489200485
0.002074425445249366
0.0020551362789552725
0.0020378805505719927
0.0020266250928099895
0.002009655779908374
0.001991568687625837
0.0019808942272223277
0.0019620968729681075
0.00194299192230759
0.0019239808669493188
0.001905537897738175
0.0018890727537557205
0.001871415684925174
0.0018529073923631229
0.0018346865615412617
0.0018173391258214607
0.0018076050575183524
0.0017899976483460815
0.0017847369715890665
0.0017674165235115563
0.0017521322544396187
0.0017357117013823134
0.0017191626893922134
0.0017059984528308846
0.0016919529788988717
0.0016802625129052255
0.0016649117416284085
0.0016494310015344902
0.0016384041037673658
0.0016273447977010807
0.0016126659111540473
0.001599138357522589
0.0015839485386147992
0.001570209507743807
0.0015574652284720528
0.0015421391106266087
0.00153029687765044
0.0015157623835118776
0.0015042696520982616
0.0014965516764110034
0.0014826611521233078
0.0014693660767686706
0.0014549710573872649
0.0014432344495851832
0.0014303193896485372
0.0014164231052534242
0.0014049729723785924
0.001391613496212145
0.0013778365281345525
0.0013656794080234684
0.0013524858383851318
0.001339787142506064
0.0013266801140962002
0.0013140660156848226
0.001302024821177942
0.0012896263733020298
0.001284524667218849
0.0012733235797631234
0.0012693083150284675
0.0012605916347795214
0.001248550558744582
0.0012365089932011607
0.001224281653404564
0.0012123219535315002
0.0012004210297188627
0.0011917908099914215
0.0011800996020886125
0.0011699564124908312
0.001159229729806834
0.0011479325930757662
0.0011379270737768476
0.0011267410946617686
0.0011164929363918364
0.0011058952317113556
0.001095036811076906
0.001084200840241008
0.0010784553122613963
0.001068530244765138
0.0010643088027691928
0.00105426401735739
0.0010463555872603479
0.0010361152753033756
0.0010265851630758968
0.0010166880805070652
0.0010067875948660296
0.0009984243878910452
0.0009902645852272603
0.0009819954044626605
0.0009731166069277665
0.0009636521725674232
0.0009549061592940685
0.0009471121117783719
0.0009381010130100691
0.0009290602881242191
0.0009198942502127197
0.0009110719826050876
0.0009037004991002192
0.0008951422452812519
0.0008864885179409656
0.0008782208179204306
0.0008695710035453136
0.0008610414273869004
0.000853880660511396
0.0008465208577175959
0.00083842397158719
0.0008302880558728784
0.0008239588386026442
0.0008163225287117781
0.0008084772297853943
0.0008018889837061798
0.0007939757929847436
0.0007868731250718182
0.0007791642621874697
0.0007718131900721832
0.0007645130471431508
0.000757069203739608
0.0007495928578498513
0.0007421715517917457
0.0007348234031797405
0.0007279082106920571
0.0007207178926705386
0.0007136975894858311
0.0007066336571798556
0.0007023814823282838
0.0006961993546211509
0.0006893119879377648
0.0006840958102062583
0.0006775420053799575
0.0006715672874600034
0.000666193056770901
0.000660305883145241
0.0006541345255983146
0.0006476761540205054
0.0006438088559722534
0.0006374680907130763
0.0006312598480397863
0.0006261186456097727
0.0006199865165378991
0.0006145597026607685
0.0006086282062033518
0.0006027317186146422
0.0005976934491284518
0.0005926392528351226
0.0005870149446277059
0.0005816471047521048
0.0005760107697447439
0.0005706740701066467
0.0005656446846713384
0.0005602646365245895
0.0005547350046626213
0.0005492888886023989
0.0005438694760941189
0.0005384880549510528
0.0005332241390448769
0.0005293153440383066
0.0005242470941111218
0.0005190769668953974
0.0005141320069115614
0.0005090638848626516
0.0005049622324085439
0.0005000823783043232
0.0004969768801355212
0.0004935619489633394
0.0004890669167306144
0.0004842621889332309
0.00047946752681653004
0.00047559140909984166
0.0004716097947420305
0.00046821763869303536
0.0004637945858592181
0.00045941452180773374
0.0004559818994698868
0.0004525686126529563
0.00044822242927166977
0.00044386287534133533
0.0004398267597392522
0.00043561124280405185
0.00043131675682139565
0.00042846515504842044
0.00042443608110198416
0.00042048253962391306
0.00041636165891204805
0.0004129344010033564
0.0004091425208676944
0.00040580072026145253
0.00040198586684883685
0.00039802825634761873
0.0003946682920980788
0.0003908649842787805
0.0003876014681934375
0.0003840436902542288
0.00038049912176101193
0.00037680857045201745
0.00037308889998374106
0.0003696772631869412
0.0003661974601974361
0.0003626137216761485
0.0003590270471755481
0.00035547232625465135
0.00035195302891727554
0.0003484742180371854
0.00034502435769415905
0.000341610604800578
0.00033822961718071973
0.00033582363002247686
0.00033276006532373777
0.0003294672757406257
0.00032748847991990906
0.00032512164944013865
0.0003221364413314152
0.0003194896186560134
0.00031636708843425635
0.0003132350434106903
0.0003108754945992173
0.0003082332818407228
0.00030518150978529624
0.00030258220061995497
0.00029964659617003476
0.00029767544419828694
0.00029553571487689817
0.00029282057306433487
0.0002899632951911416
0.0002875697165118895
0.00028481970105707373
0.0002825756546383629
0.00027978129794788663
0.00027701995902401085
0.000274722275207665
0.0002721716831467632
0.00026962297066582665
0.00026701014134131954
0.0002644769019670733
0.0002619079400616797
0.0002596537492583652
0.0002573778219118793
0.00025495872907080986
0.0002525067895249153
0.00025003086391160555
0.00024807440755267855
0.00024586760468283276
0.0002436633653116859
0.00024143923155479197
0.00023912927869193404
0.00023677755213759804
0.0002344434849642065
0.00023213227324768627
0.00023046715906792337
0.00022818607363818383
0.0002259622374011645
0.00022384868652053927
0.00022164072327535
0.00021969940281707032
0.00021759538309675555
0.00021544879277264498
0.00021335145551357504
0.000211520612686843
0.00020948747692321973
0.0002076976714012407
0.00020593263042765312
0.00020398010688609585
0.0002020996105444359
0.0002002178399093348
0.00019823740516931905
0.00019631763716966176
0.00019454888588755763
0.0001926242149830644
0.0001907217961868053
0.00018886317428878316
0.00018699857753565235
0.0001851567251008198
0.00018344303267350993
0.00018164144127067236
0.00017984617859434659
0.0001782135311467121
0.00017649992248729282
0.00017498353580127428
0.00017332946051835374
0.0001716275175210535
0.00016998041056159137
0.00016830217752573402
0.00016665906234891042
0.0001650098101697768
0.0001633794957662719
0.0001621424803399294
0.00016054066698758341
0.00015897313043953292
0.00015740038068934377
0.0001558840701291654
0.0001546427446650475
0.00015339300227704787
0.0001518742955355314
0.00015056810552237495
0.00014920522485144933
0.00014772794691992897
0.00014643898011828122
0.00014504709370450475
0.00014371372193901861
0.00014232312153308435
0.00014092498778314782
0.00013953142377835258
0.00013815018683031592
0.00013693309981284386
0.00013567312143411428
0.0001343521696050724
0.0001330645146913326
0.00013174756645051284
0.000130447607580781
0.00012916518836654804
0.00012802107970892907
0.0001267634143998869
0.00012557699214638972
0.0001243369154614394
0.00012312694526613684
0.0001219280665423511
0.00012078911146925674
0.00011964640331965865
0.00011848489357269618
0.00011738529973609836
0.00011651350514496245
0.0001155180671077231
0.00011438397750883175
0.00011326874235782067
0.00011224438579534992
0.00011117286102799543
0.0001100954980821104
0.00010900794299045336
0.00010793894073247828
0.00010692938383577202
0.00010589877208769262
0.00010486875134730058
0.00010387840915635315
0.00010286261168772703
0.00010185384063942408
0.00010085415331017642
0.00009986049429777271
0.00009890871875005247
0.00009793105296902002
0.00009696527387687088
0.00009604794315079551
0.00009524926567652075
0.00009437120611798673
0.00009343905670039993
0.00009251664808225254
0.00009160332241054409
0.00009082476729115842
0.00008995875491727035
0.00008909786177195713
0.00008831690951262077
0.00008744519606913504
0.00008664714517596345
0.00008580403381554812
0.00008496670632620553
0.00008423837732448419
0.00008346762342576313
0.00008266328453808547
0.00008187056789679837
0.00008111002468400031
0.0000803069936783652
0.0000795119524040482
0.0000787247537791358
0.00007803401251236436
0.00007726180555396491
0.00007652981126667877
0.00007577319729100303
0.0000751041495845189
0.00007436259110282292
0.00007362727054147787
0.00007291981601989881
0.00007225084792129888
0.00007153880305294793
0.00007085006097677445
0.00007014865812925341
0.00006951339024827889
0.00006882669080222183
0.00006822659725584144
0.00006755183843121037
0.00006695183118367106
0.00006628912309545034
0.00006565802063972265
0.0000650117079239375
0.0000643790231962254
0.00006380568773818058
0.00006318935010524824
0.00006265753044730443
0.00006208095148979173
0.00006147120380527983
0.000060862687654803963
0.000060266606803010415
0.0000597425422959362
0.000059165793675599824
0.00005859003253055307
0.00005802067499370756
0.00005744642894725211
0.00005691348039592893
0.00005639363336637826
0.000055866586227806306
0.000055327511094856576
0.000054866763882140735
0.00005439543289730435
0.00005385852443725994
0.00005333246033816359
0.00005281123515583821
0.00005229411400071487
0.00005181152992327872
0.00005132373479855312
0.00005089295427355226
0.000050421176966948125
0.000049956202737629135
0.00004947527711348567
0.00004898676800458904
0.000048503581844147786
0.00004805932540975224
0.000047612282136647884
0.00004714548918535726
0.00004668342462549334
0.000046232301020342944
0.00004580764386647159
0.00004536317529199623
0.00004491428384525091
0.000044473375262792214
0.00004403846331904026
0.00004360276944965536
0.00004317243912770882
0.000042812087066378605
0.00004242350270635344
0.00004201182805526024
0.00004159954700963049
0.00004118817137106761
0.000040782944791166644
0.00004038152013703664
0.00003998455370651549
0.00003963551060511005
0.00003924388681032867
0.000038909960212133034
0.00003856180189156718
0.000038192405877025284
0.00003782522827016312
0.00003745317275213371
0.00003710076065838554
0.0000367334365179015
0.0000363796453368844
0.000036028428057271305
0.00003567530067948778
0.00003532290788002221
0.00003497341044111993
0.000034664760877352225
0.00003434043947409444
0.0000340041832355197
0.0000336854649162972
0.00003336448610073267
0.0000330342557293604
0.00003275625369561685
0.00003243597067690674
0.000032126856332274497
0.000031812872937527865
0.00003150624919556497
0.00003119521192885623
0.00003090443484449744
0.00003059857630940219
0.00003029867127628673
0.000030026018429357412
0.000029740452999760553
0.00002944803515535514
0.000029166569333734825
0.000028879360764147393
0.000028598490172604508
0.000028316407342387863
0.00002803658574069353
0.00002779063942917449
0.000027528212071780335
0.000027255790059335885
0.000027005085058517226
0.00002673865814835141
0.00002648015103231723
0.000026219492710330903
0.000025979678697918937
0.000025726370914400082
0.000025499904824205844
0.000025281843097164708
0.00002504049182337203
0.000024800191277378525
0.000024556966157778165
0.000024323976328187676
0.00002408966704780834
0.000023855500886935465
0.000023631409628427815
0.000023417382161595022
0.000023192616053028653
0.000022965702945836398
0.000022738626530326573
0.000022514583608890637
0.00002229185165326161
0.00002207131983149894
0.000021853411537914118
0.000021637636384402006
0.000021423414137647974
0.000021233096111449306
0.0000210283338332344
0.00002084332882495608
0.000020637757384472093
0.000020436876513767365
0.000020235442927961678
0.0000200353547370891
0.000019840826276800975
0.00001964568468960986
0.000019451865459239624
0.0000192704477741487
0.000019087418026766582
0.000018913333998428127
0.000018735286735911405
0.00001855190402854187
0.000018368223730463014
0.000018186364787117873
0.000018026628127184516
0.000017848398847339127
0.00001769172121425548
0.000017518286278881874
0.000017346321681256468
0.000017180242307857896
0.000017010746217430073
0.000016843279736561082
0.000016676575596613237
0.00001651149935114251
0.00001636036421134671
0.000016198407833637395
0.000016038898496704868
0.000015885986974441287
0.000015728752462855668
0.000015576612040331327
0.000015427585655621174
0.000015278226183754687
0.000015129628347393592
0.000014982029532869514
0.000014834345381074733
0.000014687475979223858
0.000014542224499872515
0.000014407027678371222
0.000014268805063701552
0.000014130604075057505
0.000013992091371745742
0.000013865556317602704
0.000013728305763149559
0.000013592499419434505
0.000013458271781460158
0.000013325042702179453
0.000013193164828090413
0.000013062544269017692
0.000012942190900150186
0.00001281439358717649
0.00001269102400843052
0.000012566354195916623
0.00001244439323672236
0.000012322181896474537
0.000012200958862724298
0.000012080157289962572
0.000011968407547378797
0.000011849968313359525
0.000011735313510042783
0.00001162107600439141
0.000011508740930959775
0.000011395728638582184
0.000011283006885539138
0.000011180198371655289
0.000011080954425826328
0.000010974985044984156
0.000010866342117377729
0.000010762632233191608
0.000010661648697366836
0.000010556425138309384
0.00001045426880985951
0.000010352258505423473
0.00001024980994662089
0.000010148807993419811
0.000010052617130742257
0.000009956684931208763
0.000009861306988869657
0.000009764763075309942
0.000009668216293431693
0.000009576594211148232
0.000009482121410531295
0.00000938904525943295
0.000009300331846722555
0.000009211629523127653
0.000009120563168888597
0.00000903363884105249
0.000008946718847389819
0.000008858140551382004
0.000008770456197059958
0.000008683793729807598
0.000008597847608827038
0.000008512747433455778
0.000008434941976554483
0.000008351503869302607
0.000008270449519911717
0.000008189854091251637
0.000008110620141728907
0.000008030946552810624
0.000007956820055662063
0.000007878221182669322
0.000007801135729418605
0.00000772607878436221
0.000007649594262140072
0.000007573970907361626
0.0000075007616253132
0.000007426496934855809
0.0000073552176052357866
0.000007284762772425589
0.000007216472452797509
0.0000071463837178603
0.000007077875920510756
0.000007009209924624229
0.000006941871277039672
0.000006874548551262088
0.000006806587164882739
0.00000673919613615255
0.000006674358338270867
0.000006608526267433609
0.000006543908010135933
0.000006479315941892867
0.000006415182488832604
0.000006351665830527338
0.000006288779065635883
0.000006232036422615978
0.000006171452324158321
0.000006110388469273159
0.00000605267654562893
0.000005993122941012888
0.00000593597112589406
0.000005878579550979773
0.000005820697620389738
0.0000057655624174255085
0.000005709046708901381
0.000005652521707768502
0.0000055965960251610136
0.000005541189492727042
0.000005486327870562387
0.000005434220439411995
0.000005381806448456615
0.000005330027315258333
0.000005277978777610673
0.000005226186513953082
0.000005174510891922027
0.000005123688371591906
0.000005073962904755903
0.000005024020407974882
0.000004974705639645209
0.000004925505944538644
0.000004876741478785747
0.000004828462316640047
0.0000047806557593775225
0.000004733325388165102
0.00000468995142405272
0.000004644298215979312
0.000004600979589391829
0.000004556563643542265
0.000004512449929977308
0.0000044681763689365996
0.00000442402991738392
0.000004382879630679374
0.0000043394851269342496
0.0000042970715191217555
0.000004254813369371111
0.00000421312150656136
0.000004174252605726124
0.000004133068949316813
0.000004092415861163634
0.000004053113095693505
0.0000040131259993016095
0.00000397339361723831
0.000003934055730905123
0.00000389550676534991
0.000003859717391909433
0.0000038221167735699185
0.0000037870541158293387
0.000003750180890354427
0.0000037143055173399852
0.0000036778440893272384
0.0000036414597283985407
0.0000036063695941384746
0.0000035706990249334293
0.0000035353672694947407
0.000003500658399699049
0.0000034664230524959087
0.0000034321053085171775
0.000003398156448484862
0.0000033645126729078736
0.000003331963584491399
0.0000032994656964910275
0.0000032669667784849024
0.000003234726310881755
0.00000320321748207276
0.000003171521974493834
0.0000031401357584569075
0.0000031090601919954472
0.0000030783120368589205
0.0000030478449272062685
0.000003018195555386433
0.0000029883288906327135
0.0000029612915985118744
0.0000029336869375371632
0.0000029058923499533624
0.0000028777904293176307
0.0000028496615792909123
0.0000028214488297745585
0.0000027935400354881308
0.0000027660724383161566
0.0000027387709179631025
0.0000027116629794718895
0.000002684821308952971
0.000002660683535760776
0.0000026344440185640214
0.0000026088380131228745
0.0000025831223193196788
0.0000025579353078551115
0.000002532777172749667
0.0000025103071009482786
0.000002485454930988863
0.000002460873641349018
0.0000024367412801362284
0.0000024126663821101118
0.0000023887805450386026
0.000002366574522528961
0.000002343170275001192
0.0000023200680420634495
0.0000022970970725865686
0.0000022752003815020223
0.0000022526738433350152
0.000002231966730278511
0.0000022110622212726666
0.0000021891705220803726
0.0000021675683412368648
0.0000021461178336509036
0.000002124880815865865
0.000002103851711059162
0.000002083129712889453
0.0000020642448701283268
0.000002043857708116401
0.0000020237557366182074
0.000002004139623611115
0.000001985853020403854
0.0000019661971255239513
0.000001947035686980163
0.000001928752560421622
0.0000019101913566095193
0.0000018915512184022323
0.0000018736259184183413
0.000001856003593316314
0.000001837920350737155
0.0000018199064979378854
0.0000018019732688539558
0.0000017841470539676196
0.000001768288872774435
0.0000017507964553972138
0.0000017334932385441706
0.000001716449877718572
0.000001699592664863115
0.0000016827678063524819
0.000001666599830500166
0.0000016501062439020966
0.0000016347564940238069
0.0000016185769443041834
0.0000016028980909771476
0.0000015871665098327344
0.0000015727631683228756
0.0000015572666780510373
0.0000015418809629351087
0.0000015272127084995283
0.0000015121933992299055
0.0000014976137325441637
0.0000014827861271469121
0.000001468129639689751
0.0000014548291180071053
0.0000014410447034992013
0.000001426899933372723
0.0000014129368700030832
0.0000013989563509688997
0.0000013851053611291926
0.0000013714317072062354
0.0000013578546233257413
0.0000013444138460035917
0.0000013311028253014438
0.0000013189716583673022
0.0000013060602525348195
0.000001293299169508025
0.0000012806268983389549
0.000001268871787580652
0.0000012563704844479754
0.000001244011028336345
0.000001231695570655238
0.0000012195937961933572
0.000001207539313290243
0.0000011955865914611514
0.000001183781271752223
0.0000011720748482469025
0.000001160475555928732
0.0000011489988361425789
0.0000011376243559045197
0.0000011263624606851064
0.0000011160938857189153
0.0000011053429602467632
0.000001095068590542781
0.0000010846478241223037
0.000001074238072635094
0.0000010637089651342652
0.0000010531881535647948
0.0000010429568797400196
0.0000010328438737741033
0.0000010228847739024006
0.0000010128524689378135
0.0000010028515084104699
0.000000992975199418545
0.0000009831437729608347
0.0000009735996353016425
0.0000009640773105612176
0.000000954652966144549
0.0000009453574974973914
0.000000936073372174563
0.0000009270429151798601
0.000000918219763600082
0.0000009096349885298356
0.0000009008012518214863
0.0000008919068979146459
0.0000008831617116541057
0.0000008744207726491912
0.0000008657651526032041
0.0000008572013357965775
0.0000008487169499042335
0.0000008403164246148787
0.000000832529393517072
0.0000008242920088975283
0.0000008162248760445532
0.0000008084394979424564
0.0000008005267232799734
0.0000007926782557233646
0.0000007850602799269001
0.0000007773411745220932
0.0000007697952758638177
0.0000007623322898727606
0.0000007549915162836007
0.0000007477719852860466
0.0000007404599636108437
0.0000007331547034638669
0.0000007259465444786424
0.0000007189576521817055
0.0000007118944876801229
0.0000007048713651950698
0.0000006980046940940749
0.0000006912930604321678
0.000000684452311240349
0.0000006781489165405923
0.0000006714505648151719
0.0000006648661890691758
0.0000006582836692335119
0.0000006517675188626864
0.0000006453540256263869
0.0000006389937066897072
0.0000006326745724893289
0.0000006264880369859479
0.0000006203238923303004
0.0000006145595806027143
0.0000006085180187197396
0.0000006029602692124292
0.0000005969909984665855
0.0000005911649088757522
0.0000005853606509762514
0.0000005796392949710768
0.0000005739076865640754
0.0000005684855546306622
0.0000005628574096252013
0.0000005572916590310858
0.0000005517968301490669
0.0000005463566167257102
0.0000005409503515234013
0.000000535658886826361
0.0000005303570463613697
0.0000005251108037799551
0.0000005199124034153431
0.0000005149836916103198
0.0000005099506457076656
0.0000005050919761870118
0.0000005001697183737544
0.0000004952978210730295
0.000000490426077601568
0.0000004858633900421173
0.0000004810782042824809
0.00000047645126367147074
0.0000004717448765035115
0.00000046718796560903307
0.0000004628759870065959
0.000000458335445079111
0.0000004539001655425349
0.0000004494071036134377
0.000000445038837285578
0.0000004406360395588377
0.0000004364143910325314
0.00000043210604827279965
0.0000004281121024825116
0.0000004239735979585907
0.00000041977623804066317
0.0000004156251081496706
0.0000004115661752509517
0.00000040759309683660006
0.0000004035575447732512
0.0000003997790322750458
0.00000039582979654149384
0.0000003919446201673708
0.0000003881007460041715
0.00000038430505543511986
0.00000038051644460671746
0.00000037675381663545455
0.0000003730327732549413
0.0000003695190795588056
0.0000003658615532151811
0.0000003622960533734087
0.0000003587161075363311
0.0000003551667507073016
0.0000003516534309766261
0.00000034839612658533936
0.00000034495493006605837
0.0000003415582493359857
0.0000003381765199935639
0.0000003349156975124661
0.000000331709162311797
0.00000032846040500489273
0.00000032520837109523335
0.00000032214261340264267
0.00000031897234180042266
0.000000315908019534873
0.00000031287187663975006
0.0000003098010311675148
